
t = [1.0779    1.4268    2.1801    2.3138    2.9755    3.4526    4.1062    4.6181    4.8747]';
y = [6.9959    9.4782   12.0585   14.5837   17.1019   19.4104   22.0719   24.5620   26.8650]';

