 
t = [0    0.2300    0.4800    0.7300    0.9800    1.2300    1.4800    1.7300    1.9800    2.2300    2.4800    2.7300    2.9800    3.2300    3.4800    3.7300    3.9800 4.2300    4.4800    4.7300    4.9800    5.2300    5.4800    5.7300    5.9800    6.2300];
y = [0.1128    0.0876    0.3971    0.5766    0.8538    0.7856    0.9596    0.8259    0.7542    0.8918    0.5151    0.4231    0.3269   -0.1352   -0.2729   -0.4683   -0.7837 -0.8328   -1.1336   -0.8258   -1.0839   -0.9525   -0.5864   -0.5132   -0.1718   -0.0748];

 
